-0.0280
-0.0428
-0.0221
0.0016
-0.0291
-0.0965
-0.0482
0.0767
-0.0958
-0.0743
-0.0296
-0.0506
0.0157
-0.0202
-0.0488
0.0844
0.0065
0.0509
-0.0251
-0.0932
0.0432
0.0521
-0.0410
-0.0520
-0.0187
0.0507
0.0156
-0.0179
0.0526
-0.0194
-0.0287
0.1223
-0.0241
-0.0102
0.0041
-0.0041
0.0540
0.0325
0.0621
0.1509
0.0943
0.0206
0.0135
0.0173
0.0450
0.0175
-0.0891
-0.1129
0.0897
0.1136
0.0025
-0.0074
0.0062
-0.0415
0.0038
0.0776
0.0059
-0.0059
-0.0107
0.0012
-0.0979
0.0324
-0.0324
0.0157
0.0702
0.0156
0.0735
0.0518
-0.0375
0.0562
-0.0476
0.0403
-0.0147
0.0281
-0.0440
0.0358
0.0582
-0.0020
0.0000
-0.0059
-0.0391
0.0142
-0.0112
0.0272
-0.0614
0.0742
0.0039
-0.0459
-0.0343
0.0302
-0.0260
-0.0191
-0.0394
-0.0067
-0.0460
0.0035
0.0163
-0.0521
0.0181
-0.0414
0.0173
0.0265
0.0200
-0.0129
0.0187
0.0856
-0.0226
-0.0446
-0.0184
-0.0378
0.0250
-0.0012
0.0516
0.0254
0.0374
-0.0201
0.0347
-0.0444
-0.0521
0.0467
0.0321
-0.0085
0.0416
0.0051
-0.0606
0.0224
0.0063
0.0289
0.0515
0.0276
-0.0019
0.0278
0.0082
0.0470
0.0197
0.0034
0.0025
0.0076
0.0075
-0.0125
-0.0316
-0.0061
0.0369
-0.0536
0.0097
0.0464
0.0092
-0.0304
0.0221
-0.0025
-0.0273
0.0457
-0.0083
0.0255
0.0145
0.0214
0.0094
-0.0070
-0.0350
0.0256
-0.0215
0.0104
0.0016
0.0252
0.0169
-0.0185
0.0116
0.0429
0.0190
0.0108
0.0170
-0.0512
0.0320
-0.0698
0.0077
0.0301
-0.0262
-0.0084
0.0339
0.0118
0.0246
-0.0224
-0.0214
-0.0211
0.0541
-0.0308
0.0104
0.0291
0.0036
0.0392
0.0350
0.0105
0.0303
-0.0219
0.0238
0.0312
0.0386
0.0303
0.0114
0.0068
0.0118
0.0138
-0.0110
0.0055
-0.0006
0.0000
-0.0224
-0.0481
-0.0443
-0.0087
0.0735
-0.0099
-0.0232
-0.0716
-0.1011
-0.0007
0.0515
-0.0310
0.0160
0.0705
0.0222
-0.0050
-0.0172
-0.0181
0.0104
-0.0531
0.0875
-0.0356
0.0249
-0.0108
0.0308
-0.0181
-0.0101
-0.0077
0.0013
-0.0097
-0.0470
0.0074
-0.0061
-0.0275
-0.0007
-0.0007
-0.0233
0.0163
0.0126
-0.0007
0.0254
0.0061