-0.0835
-0.0331
0.0400
0.0572
0.0237
-0.0535
0.0101
-0.0293
0.0664
0.0106
-0.0268
0.0140
0.0523
0.0429
-0.0247
-0.0090
0.0259
-0.1189
-0.0315
-0.0674
0.0570
0.1439
0.0020
-0.0222
-0.0719
0.0174
-0.0396
0.0123
0.0507
0.0503
0.0129
-0.0372
-0.0082
-0.0188
0.0382
-0.0499
-0.0118
0.0318
-0.0179
0.0211
-0.0415
0.0076
-0.0043
-0.0364
-0.0412
0.0277
-0.0335
-0.0238
0.0191
0.0496
0.0419
-0.0407
0.0493
0.0000
0.0043
0.0468
-0.0511
0.0032
0.0356
0.0010
0.0482
0.0487
-0.0028
0.0185
-0.0270
0.0867
0.0222
0.0374
0.0178
0.0651
-0.0305
0.0062
0.0061
0.0023
-0.0154
0.0260
-0.0526
0.0158
0.0031
0.0178
0.0559
0.0412
-0.0528
0.0044
-0.0132
0.0147
0.0051
0.0130
-0.0057
0.0122
-0.0201
-0.0652
-0.0016
0.0425
-0.0279
-0.0216
-0.0326
0.0128
0.0095
-0.0272
0.0032
0.0373
-0.0008
-0.0213
0.0008
0.0313
0.0061
0.0000
-0.0023
-0.0023
0.0273
-0.0121
0.0188
-0.0203
0.0023
-0.0176
0.0176
-0.0465
0.0473
-0.0354
-0.0031
-0.0426
0.0098
-0.0474
-0.0215
0.0258
-0.0197
0.0206
0.0025
0.0151
-0.0168
0.0101
-0.0446
-0.0550
-0.0019
-0.0388
-0.0185
-0.0129
-0.0542
0.0472
0.0725
-0.0236
0.0029
-0.0468
0.0158
-0.0168
0.0305
-0.0630
0.0265
-0.0121
0.0051
-0.0382
-0.0223
-0.0195
-0.0132
-0.0236
-0.0068
-0.0505
-0.0673
0.0179
0.0262
0.0918
0.0123
0.0209
-0.0675
0.0264
-0.0068
-0.0290
0.0152
-0.0294
-0.0514
-0.0397
0.0078
-0.0091
0.0621
-0.0350
-0.0336
-0.0403
-0.0463
-0.0218
0.0203
-0.0203
-0.0573
0.0230
0.0941
-0.0309
0.1015
0.0064
0.0462
0.0336
0.0325
0.0057
-0.0792
-0.0211
0.0050
-0.0063
0.0000
0.0125
-0.0380
0.0342
-0.0037
-0.0177
-0.0324
0.0131
-0.0118
0.0131
0.0952
-0.0483
0.0037
-0.0364
-0.0233
-0.0039
0.0144
-0.0183
-0.0418
0.0575
0.0078
0.0077
0.0026
0.0302
0.0507
-0.0732
0.0025
-0.0412
0.0092
-0.0237
0.0040
0.0594
-0.0594
-0.0449
-0.0084
0.0704
-0.0265
-0.0272
-0.0055
0.0287
-0.0177
-0.0124
-0.0253
-0.0557
0.0223
0.0204
-0.0338
-0.0015
0.0015