0.0090
0.0018
0.0060
0.0118
0.0000
-0.0136
0.0264
0.0029
0.0029
0.0171
0.0394
-0.0077
0.0022
0.0114
-0.0098
0.0558
0.0301
-0.0040
-0.0183
0.0107
0.0408
-0.0272
-0.0477
0.0487
-0.0279
-0.0203
-0.0148
0.0253
0.0078
0.0010
0.0319
0.0193
-0.0093
0.0239
0.0182
0.0188
-0.0009
-0.0019
-0.0202
0.0226
0.0280
-0.0100
-0.0106
0.0014
0.0313
-0.0027
-0.0099
0.0121
-0.0490
0.0056
-0.0236
0.0109
0.0412
-0.0151
0.0014
0.0128
-0.0271
-0.0113
0.0099
-0.0241
-0.0091
-0.0161
0.0371
0.0061
-0.0359
0.0415
0.0185
-0.0055
-0.0224
-0.0277
0.0197
0.0360
0.0182
0.0072
0.0054
-0.0036
-0.0304
0.0406
0.0035
0.0114
-0.0162
-0.0067
-0.0081
0.0169
0.0114
0.0785
0.0384
-0.0121
0.0310
0.0207
0.0221
-0.0540
-0.0116
-0.0237
-0.0137
-0.0600
-0.1474
-0.0140
-0.1578
0.1322
-0.0167
-0.1608
0.0814
-0.0551
-0.0158
-0.0355
-0.0329
0.0104
0.0032
-0.0189
-0.0046
-0.0086
-0.0319
0.0615
0.0500
-0.0709
0.0007
0.0383
0.0214
0.0313
0.0030
0.0349
0.0162
0.0017
0.0529
-0.0325
0.0045
-0.0106
-0.0193
0.0305
0.0089
-0.0128
0.0227
-0.0132
0.0192
0.0472
-0.0016
0.0206
0.0151
-0.0279
0.0184
0.0061
-0.0086
0.0146
0.0198
0.0337
-0.0033
-0.0158
-0.0279
0.0099
-0.0376
0.0227
-0.0030
-0.0477
-0.0053
-0.0262
-0.0054
-0.0355
0.0349
-0.0220
0.0193
0.0222
-0.0194
0.0505
-0.0262
0.0242
-0.0136
-0.0186
0.0000
0.0181
0.0141
-0.0403
0.0240
-0.0127
0.0043
0.0319
0.0429
-0.0134
-0.0055
0.0135
-0.0070
0.0040
0.0055
0.0610
-0.0174
-0.0043
0.0831
0.0416
0.0096
-0.0025
0.1045
0.0082
-0.0291
-0.0296
0.0188
0.0366
-0.0105
-0.0288
0.0085
0.0233
-0.0125
-0.0200
0.0246
0.0475
-0.0437
0.0581
-0.0137
-0.0109
0.0303
-0.0351
-0.0333
-0.0368
0.0043
-0.0051
-0.0440
0.0349
0.0275
0.0077
-0.0324
-0.0008
-0.0315
-0.0049
0.0514
-0.0059
-0.0083
0.0115
0.0187
-0.0234
0.0086
-0.0387
0.0073
-0.0552
-0.0064
0.0004
0.0026
-0.0134
-0.0078
-0.0388
0.0113
-0.0348
0.0028
0.0060
-0.0005
0.0456