0.0557
0.0000
0.0160
-0.0057
-0.0213
0.0097
0.0116
0.0152
-0.0139
0.0045
0.0044
-0.0019
-0.0013
0.0145
-0.0006
0.0031
-0.0151
-0.0115
-0.0512
0.0121
0.0000
-0.0087
0.0298
-0.0251
-0.0175
0.0268
-0.0033
0.0346
0.0026
0.0127
0.0013
0.0013
-0.0159
0.0197
0.0106
-0.0245
-0.0090
-0.0247
0.0222
-0.0268
0.0138
-0.0145
0.0053
-0.0424
-0.0034
-0.0132
0.0042
-0.0558
0.0439
-0.0351
-0.0409
0.0329
-0.0451
0.0495
-0.0066
-0.0067
0.0213
0.0130
0.0352
0.0000
0.0028
0.0123
0.0122
-0.0190
-0.0027
0.0116
0.0162
-0.0176
-0.0020
-0.0397
0.0141
-0.0127
-0.0361
0.0204
0.0107
0.0219
-0.0240
-0.0195
0.0173
0.0014
0.0121
-0.0404
0.0439
-0.0092
0.0043
0.0409
0.0061
0.0416
0.0148
0.0013
-0.0057
-0.1715
0.0351
-0.0163
0.0067
0.0328
-0.0145
-0.0044
-0.0081
-0.0156
-0.0304
-0.0109
0.0178
0.0099
0.0000
-0.0238
-0.0023
0.0008
0.0039
0.0031
-0.0250
-0.0273
0.0008
-0.0356
-0.0187
0.0338
-0.0092
0.0281
-0.0049
-0.0107
0.0082
0.0155
-0.0008
0.0056
-0.0179
-0.0033
-0.0199
0.0042
0.0288
0.0483
-0.0054
0.0139
-0.0123
0.0039
0.0222
-0.0099
-0.0318
0.0149
0.0261
-0.0183
0.0015
0.0100
0.0121
-0.0129
0.0293
-0.0149
0.0067
0.0111
-0.0044
0.0022
-0.0247
-0.0184
0.0100
0.0053
-0.0015
-0.0061
0.0413
-0.0193
0.0332
-0.0022
0.0029
0.0058
-0.0007
-0.0014
-0.0293
0.0148
0.0267
0.0106
0.0168
0.0415
-0.0209
0.0189
-0.0080
0.0107
0.0007
0.0000
0.0000
0.0066
0.0471
-0.0127
0.0013
0.0095
-0.0178
-0.0162
0.0020
-0.0026
0.0065
0.0370
-0.0202
0.0152
-0.0133
0.0127
0.0187
-0.0068
0.0000
0.0025
0.0006
0.0019
-0.0006
0.0043
-0.0012
0.0190
0.0126
0.0006
0.0178
-0.0148
-0.0006
0.0077
0.0024
0.0285
-0.0548
0.0269
-0.0137
0.0000
-0.0048
-0.0807
0.0295
0.0132
-0.0075
0.0131
0.0050
-0.0056
-0.0144
-0.0019
-0.0327
0.0033
0.0148
-0.0084
-0.0110
0.0136
-0.0169
0.0059
0.0020
0.0071
-0.0202
-0.0113
-0.0040
0.0179
-0.0053
0.0066
0.0399
-0.0070
0.0139
0.0050
0.0031